





0   0   0   0   0   0   0   0   0   25   0   65   0
0   0   10  60  0  70   0   0   0   0   50   0    0
0   10  0   0  20   0   0   0   0   0   50   20   0
0   60  0   0  10   10  0   0   0   0   40   0    10
0   0   20  10  0   0   10  0   0   0   30   20   30
0   70  0   10  0   0   0   0   20  70  0    0    10
0   0   0   0   10  0   0   10  20  30  0    40   10
10  0   0   0   0   0   10  0   0   40  0    20   0
0   0   0   0   0   20  20  0   0   30  0    0    40
25  0   0   0   0   70  30  40  30  0   0    0    0
0   50  50  40  30  0   0   0   0   0   0    0    0
65  0   20  0   20  0   40  20  0   0   0    0    0
0   0   0   10  30  10  10  0   40  0   0    0    0


















