0    1    8.7   11   1    2    4.9   7.5   8.5   8.6
1    0    7.7   12   2    3    5.9   8.5   9.5   9.6
8.7  7.7  0     19.7 9.8  10.7 13.6  16.2  17.2  17.3
11   12   19.7  0    12   13   15.9  18.5  19.5  19.6
1    2    9.8   12   0    1.3  4.5   7.1   8.1   7.7
2    3    10.7  13   1.34 0    4.2   6.1   7.1   7.3
4.9  5.9  13.6  15.9 4.5  4.2  0     8.4   9.4   9
7.5  8.5  16.2  18.5 7.1  16.1 8.4   0     1     0.6
8.5  9.5  17.2  19.5 8.1  7.1  9.4   1     0     1.6
8.6  9.6  17.3  19.6 7.7  7.3  9     0.6   1.6   0   

 
